,aggravated_assault,all_other_offenses,arson,burglary,curfew,disorderly,driving,drug_abuse_gt,drug_poss_m,drug_poss_opium,drug_poss_other,drug_poss_subtotal,drug_poss_synthetic,drug_sales_m,drug_sales_opium,drug_sales_other,drug_sales_subtotal,drug_sales_synthetic,drunkness,embezzlement,forgery,fraud,g_all,g_b,g_n,g_t,ht_c_s_a,ht_i_s,larceny,liquor,manslaughter,mvt,murder,offense_family,prostitution,prostitution_a_p_p,prostitution_p,prostitution_p_p,rape,robbery,sex_offense,simple_assault,stolen_property,suspicion,vagrancy,vandalism,weapons,csv_header,data_year,population
0,340509,3144685,11969,239654,114852,566143,1106826,1446464,585206,291296,216426,1139064,46088,73011,106928,40340,240667,20369,473071,17635,82059,201822,3534,250,148,9459,0,0,942344,507926,1176,94194,10472,96248,62802,0,0,0,18097,100970,65485,1038735,95517,1610,26878,232729,147457,,2007,301231207
0,341020,3074394,11588,246495,107186,549364,1171332,1354710,580893,257991,187204,1070203,44124,72377,99374,39005,230361,19607,495616,17304,73109,189060,2764,207,218,7841,0,0,1021763,499663,1019,78160,10242,92215,60301,0,0,0,17713,104307,62560,1041847,88791,1263,26968,227687,142611,,2008,304093966
0,341041,3087089,9880,243156,91066,531966,1166229,1345420,592734,225443,187530,1054077,48348,78534,91672,45726,239163,23227,493484,14635,69788,174407,3056,249,173,8196,0,0,1091761,460674,894,66121,10089,93517,57505,0,0,0,17638,103252,61683,1069746,85221,1599,27057,219029,134069,,2009,306771529
0,330100,3036290,9221,235048,74846,499362,1119816,1312361,575452,204545,199013,1030591,51583,80092,79358,48258,231030,23325,455622,13471,62569,152500,2553,587,153,7665,0,0,1035617,415785,894,57559,9035,89130,50004,0,0,0,16885,90750,58026,1043704,76767,913,25588,204085,127046,,2010,309321666
0,317290,2872129,9330,237529,63444,470788,972189,1220286,510386,194334,201632,960381,54341,72279,72920,46671,213331,21460,429969,12919,56707,132502,2274,545,160,6670,0,0,1035181,408067,785,53381,8737,91111,45927,0,0,0,16212,85984,55231,1003643,75222,1154,23512,193188,122576,,2011,311556874
0,317023,2829605,9454,232935,62497,450138,1032168,1256739,515191,199427,225817,998218,55546,70410,72652,48421,214817,22575,412648,12951,55183,125363,2072,365,159,6145,0,0,1060114,369345,941,56457,8977,87873,45436,0,0,0,15567,85213,55637,982783,80490,1287,22774,186803,122112,,2012,313830990
0,306434,2746186,8540,206922,50052,395453,1004665,1293844,535143,194398,245424,1029998,55043,77089,70925,50275,221387,23071,392669,12919,49788,115541,1828,228,102,5105,0,0,1034513,349539,856,73386,8616,90052,42612,0,0,0,15671,80085,46597,914069,76088,857,21912,164972,114489,,2013,315993715
0,300217,2625002,7628,193237,43374,354710,894693,1257526,488062,206124,262570,1015882,58791,63521,69722,49822,205924,22751,333628,13130,46126,113634,1984,253,201,4473,0,0,1017099,259529,882,55466,8552,81067,38188,0,0,0,17166,76837,44571,888712,72555,1079,22120,161196,113673,,2014,318301008
0,305755,2651544,7223,177453,36652,322523,876694,1202135,431155,229273,226433,967592,60486,53562,64367,48627,188778,21524,336763,12979,45375,109738,1829,234,204,3714,0,0,959306,216048,896,62703,9197,78713,33244,0,10,0,18701,77269,41787,889661,73106,1411,20254,156645,117692,,2015,320635163
0,319692,2759987,8852,174667,28299,315599,857148,1313204,469961,251247,269607,1080661,65101,52736,67064,51011,191627,20031,312909,13640,47974,109414,1806,236,49,3028,3,0,895260,198823,995,71424,10044,77138,31488,7,107,6,19789,80297,42571,909853,79743,1052,20185,164736,131650,,2016,322941311
0,343792,3036819,7755,181024,24735,293213,839305,1478654,506626,264614,306660,1138471,63342,48570,67091,51973,188021,20674,303011,14333,48509,115226,1400,233,81,2667,390,251,861726,184835,1065,82484,10721,77890,31361,2502,13240,1487,22122,83790,42271,960845,83480,734,18902,163130,141551,,2017,324985539
0,327195,2748540,7636,150245,17762,273943,804431,1366172,500244,264665,332265,1155156,59554,46454,60665,54867,185235,23389,270754,12308,42756,102479,1332,247,67,2767,548,91,758859,144497,977,75385,10223,75137,25001,1768,12530,1133,20950,73293,38565,888821,79429,447,18639,150169,138727,,2018,326687501
0,317632,2659001,6949,140293,11309,223550,731967,1239909,361825,219551,346453,974088,46276,34592,47718,49638,150881,18939,231693,11566,36347,95784,1203,129,105,2178,566,399,701523,130068,1034,68760,9352,63440,22450,1581,11179,927,19592,65560,33755,836720,68388,1188,16758,140660,122473,,2019,328239523
